This data file has three lines of header information
which preceeds the data.
Here is the data:
1 2 3 4 5 6
1 2 3 4 5 6
1 2 3 4 5 6
1 2 3 4 5 6
1 2 3 4 5 6
1 2 3 4 5 6
1 2 3 4 5 6
1 2 3 4 5 6
11 12 13 14 15 16
11 12 13 14 15 16
11 12 13 14 15 16
11 12 13 14 15 16
11 12 13 14 15 16
11 12 13 14 15 16
11 12 13 14 15 16
11 12 13 14 15 16
21 22 23 24 25 26
21 22 23 24 25 26
21 22 23 24 25 26
21 22 23 24 25 26
21 22 23 24 25 26
21 22 23 24 25 26
21 22 23 24 25 26
21 22 23 24 25 26
31 32 33 34 35 36
31 32 33 34 35 36
31 32 33 34 35 36
31 32 33 34 35 36
31 32 33 34 35 36
31 32 33 34 35 36
31 32 33 34 35 36
31 32 33 34 35 36
41 42 43 44 45 46
41 42 43 44 45 46
41 42 43 44 45 46
41 42 43 44 45 46
41 42 43 44 45 46
41 42 43 44 45 46
41 42 43 44 45 46
41 42 43 44 45 46
