Energy
   2.158719    1.454190    1.566509    1.551361    2.215095    1.726923 
   2.080461    1.418617    1.373206    2.231642    1.316575    1.445211 
   1.673182    1.445737    1.820333    2.167849    1.721611    1.554906 
   1.604594    2.061092    1.398391    2.062042    1.996196    1.509640 
Velocity
  34.813980   2.158719    18.815290   1.454190    29.651390   1.566509   
  42.499001   1.551361    22.960529   2.215095    31.416040   1.726923   
  19.929359   2.080461    27.799351   1.418617    26.348730   1.373206   
  28.910810   2.231642    21.178551   1.316575    28.893539   1.445211   
   6.320079   1.673182    43.906799   1.445737     6.597938   1.820333   
  20.413420   2.167849    14.833510   1.721611    43.533089   1.554906   
  16.369011   1.604594    18.198120   2.061092     4.628566   1.398391   
  43.647419   2.062042    44.996990   1.996196    26.321831   1.509640   
Temperature
 295.332886  302.543091  301.834991  296.012695  297.834412  295.545105 
 301.678589  298.449585  302.094391  296.745789  296.345886  296.417908 
 303.122314  300.309387  297.971405  300.077393  299.132202  296.936798 
 302.096008  294.813690  300.661987  299.574402  304.198608  302.421600 
