1.0 2.0 3.0 4.0 5.0
1.0 2.0 3.0 4.0 5.0
1.0 2.0 3.0 4.0 5.0
1.0 2.0 3.0 4.0 5.0
1.0 2.0 3.0 4.0 5.0
1.0 2.0 3.0 4.0 5.0
1.0 2.0 3.0 4.0 5.0
11.0 12.0 13.0 14.0 15.0
11.0 12.0 13.0 14.0 15.0
11.0 12.0 13.0 14.0 15.0
11.0 12.0 13.0 14.0 15.0
11.0 12.0 13.0 14.0 15.0
11.0 12.0 13.0 14.0 15.0
11.0 12.0 13.0 14.0 15.0
21.0 22.0 23.0 24.0 25.0
21.0 22.0 23.0 24.0 25.0
21.0 22.0 23.0 24.0 25.0
21.0 22.0 23.0 24.0 25.0
21.0 22.0 23.0 24.0 25.0
21.0 22.0 23.0 24.0 25.0
21.0 22.0 23.0 24.0 25.0
31.0 32.0 33.0 34.0 35.0
31.0 32.0 33.0 34.0 35.0
31.0 32.0 33.0 34.0 35.0
31.0 32.0 33.0 34.0 35.0
31.0 32.0 33.0 34.0 35.0
31.0 32.0 33.0 34.0 35.0
31.0 32.0 33.0 34.0 35.0
