Energy
    2.158719      1.45419     1.566509     1.551361     2.215095     1.726923
    2.080461     1.418617     1.373206     2.231642     1.316575     1.445211
    1.673182     1.445737     1.820333     2.167849     1.721611     1.554906
    1.604594     2.061092     1.398391     2.062042     1.996196      1.50964
Pressure
    34.81398     18.81529     29.65139       42.499     22.96053     31.41604
Temperature
    295.3329     302.5431      301.835     296.0127     297.8344     295.5451
    301.6786     298.4496     302.0944     296.7458     296.3459     296.4179
    303.1223     300.3094     297.9714     300.0774     299.1322     296.9368
     302.096     294.8137      300.662     299.5744     304.1986     302.4216

