      18.3235     204.6169     214.3343     201.3183
      20.6224     204.4962     228.6612     194.9095
      18.2223     203.0759     206.1538     198.3043
      17.0693     210.4252     238.8979     201.3360
      19.6581     218.8335     231.0240     206.4289
      19.9617     203.8980     225.8674     196.7453
      17.4386     227.0095     222.0193     198.5443
      18.8159     223.0298     237.0083     208.2945
      20.1927     219.6805     230.7063     202.3035
      17.6629     210.0501     210.3884     207.4001
      17.8043     213.3082     238.7424     192.8299
      16.7269     228.2556     229.9443     198.7080
      19.7346     222.1985     237.9292     190.7840
      17.2893     222.1699     211.9448     202.4628
      15.8300     228.1828     214.7164     191.4347
      17.9419     226.9441     223.9300     192.6719
      18.6198     206.9220     221.1495     195.1240
      18.1280     211.5736     234.8777     199.0806
      17.4986     210.8455     204.6708     193.5402
      18.3685     220.3469     206.6337     198.5373
      19.6992     206.7036     215.5784     194.9837
      17.1787     208.5072     235.3942     190.9624
      19.0511     211.3478     227.7170     205.4380
      20.5704     206.3552     233.6213     210.3182
      19.7268     212.3413     227.6370     207.0351
      16.4414     207.7625     208.0256     208.1752
      19.5761     205.5911     208.1945     196.3276
      19.8549     205.9220     223.5967     205.0844
      16.6470     229.2031     212.2014     199.1568
      19.6029     225.3100     235.6708     210.5442
      17.6956     212.3625     207.7279     199.7199
      16.8605     229.0888     226.8627     202.7681
      16.8820     213.0473     231.8550     191.8390
      18.1249     203.9183     212.0448     209.8561
      18.8544     229.1533     220.4730     206.8339
      19.5442     210.8077     220.5685     201.1596
      16.1199     217.2556     215.7373     193.1816
      19.7315     220.7819     219.3399     204.8553
      16.1051     228.3874     223.1679     205.5974
      18.6688     218.5736     231.5528     194.1084
      17.2011     207.8510     227.9980     196.2927
      18.5965     211.9469     214.2598     199.4463
      18.5982     214.0455     225.1819     198.8496
      16.2911     207.0399     204.4008     210.5239
      16.2069     210.7275     226.6405     197.4892
      18.5312     210.1340     223.6823     200.0931
      16.4675     217.8897     209.3664     201.7379
      17.1487     225.6492     233.4968     207.7740
      20.3463     217.2722     222.7769     193.6983
      19.0713     220.1635     212.7035     192.4192
      19.9192     205.0888     218.5078     197.5184
      20.0479     203.4575     212.6613     193.8868
      18.1435     210.7911     221.4761     200.6574
      17.4651     215.1828     207.4902     201.0066
      18.8178     221.4436     223.3701     197.3578
      19.8504     217.1579     212.8157     204.1500
      18.5263     223.1358     235.4131     208.7122
      15.9609     223.4879     236.1285     203.5978
      16.4752     208.4105     209.1520     196.1314
      20.0625     215.5072     204.4230     194.5096
      15.7124     210.1257     225.7218     201.0167
      18.4940     203.9505     233.0703     190.8932
      15.7375     210.7294     225.5341     190.6240
      18.9209     226.9496     216.7426     205.3726
      17.6979     228.9745     224.8409     192.5360
      16.7745     223.4455     234.7921     205.5555
      15.6721     221.6446     218.3279     197.7305
      16.6806     204.8409     205.8761     192.6033
      16.4434     223.1155     204.5686     206.6454
      18.7748     211.4685     211.4371     194.0024
      18.8558     209.3330     225.1275     210.2535
      17.6037     204.8787     214.0232     191.3267
      16.3633     199.6252     235.3087     210.1272
      18.9173     228.1699     226.0695     191.0138
      17.4619     203.7294     206.9592     194.3064
      16.0448     200.1201     237.5249     209.3286
      20.4123     225.4519     208.5211     193.7732
      15.9615     218.9708     229.9220     192.3303
      16.4480     202.1478     207.5302     190.7123
      19.6403     228.2105     204.1153     203.6492
      16.1726     212.2335     214.3743     190.5866
      20.2922     222.1976     221.6472     193.6481
      19.6435     225.9118     221.2839     208.4031
      19.4944     206.4077     204.9785     202.7941
      20.2427     214.5312     227.7936     210.7797
      18.8054     214.2999     224.5665     208.8265
      15.8365     225.9727     207.0392     201.0186
      18.6679     199.6095     217.1892     200.1242
      16.6226     214.6483     231.3106     197.5711
      19.2982     226.8768     227.5226     204.8800
      17.8625     199.9413     210.8517     209.9101
      18.2650     205.1764     226.5683     192.8616
      17.0041     209.4584     228.7145     190.9928
      20.6541     222.1035     234.9265     203.3870
      16.8907     218.5109     234.0578     195.1374
      19.4211     209.5542     204.9274     200.2880
      20.3567     206.6270     222.3015     200.4848
      20.1319     209.7561     207.6079     194.6828
      16.2121     210.2787     210.5251     199.2704
      19.9900     214.7036     232.9303     198.7429
      20.2143     220.8427     226.5250     202.2939
      20.6522     213.2354     222.0682     197.6619
      17.3267     199.5754     238.7068     199.1866
      16.5313     204.1229     222.5270     202.2260
      17.2650     209.6326     208.8443     199.2806
      16.8861     205.3939     229.3255     194.7793
      16.6315     212.0888     231.2818     207.4757
      16.8988     199.4731     221.8171     197.3966
      16.0366     220.5994     212.5769     197.5108
      18.4414     225.5579     214.1710     191.8485
      18.0076     210.6842     220.0153     207.4338
      15.7270     226.6049     210.2940     203.3737
      16.2852     206.4344     224.9487     203.6638
      20.0511     224.7552     208.8121     194.6429
      18.9076     212.4400     223.8045     192.0669
      17.6188     221.1773     221.6938     206.7342
      20.2821     202.3515     227.1382     201.6236
      19.4603     212.9367     233.7279     206.2956
      17.6434     224.4612     225.9296     203.0938
      17.9334     206.0907     212.0492     200.5165
      18.9013     201.5072     207.9356     191.4880
      19.4139     225.0077     238.5169     203.8968
      20.6737     209.9109     224.0977     203.5381
      20.6732     227.3091     218.9366     202.4158
      20.1079     211.6280     213.7855     207.7613
      19.0441     226.4446     224.7443     198.2992
      18.0909     205.0344     207.7035     199.9344
      19.2723     229.2823     229.5266     210.5899
      19.1444     221.0344     216.8404     191.9584
      15.8578     200.1275     223.1990     210.7143
      17.4096     224.7847     207.8712     198.1285
      19.7826     202.1727     230.6341     201.0529
      16.4188     225.0639     237.8115     198.0028
      18.3248     202.9616     234.7366     207.7099
      19.0536     228.8436     238.3091     200.6727
      16.3625     208.2842     222.3692     208.2800
      19.4923     222.3017     214.0110     202.4291
      16.0639     211.0999     207.5324     202.6170
      18.3431     208.4501     236.1529     204.2313
      19.7642     227.2796     231.7883     197.8047
      18.5661     210.7985     231.4162     205.7783
      18.9318     206.7727     232.7348     190.5237
      18.0823     212.8280     221.2250     196.9751
      16.9203     212.8095     217.3381     209.2213
      20.2698     214.5036     210.7050     209.2036
      16.6095     204.7118     230.5052     208.0794
      19.9476     224.6049     236.8783     197.5876
      20.6325     209.5413     228.1124     207.9829
      17.8480     219.0814     212.1170     191.0658
      17.6908     218.1718     218.4800     206.0899
      15.8743     216.4390     218.0468     190.2584
      18.5581     228.5773     235.5009     207.6007
      19.6486     228.5423     230.6963     208.3371
      19.8690     224.9579     216.2139     192.5233
      16.5443     207.6473     223.2979     205.2901
      17.5982     213.4823     219.6354     204.6471
      19.3095     201.0639     209.9419     206.7964
      17.2248     224.0538     222.4303     209.1058
      16.2740     200.0298     230.0798     191.6898
      19.3852     217.7100     219.4421     196.9522
      18.9471     226.4224     237.4671     205.6335
      18.1137     201.6400     228.6712     203.9228
      16.2011     204.2888     221.1739     201.7798
      16.9697     219.6280     237.0950     201.8077
      20.5429     220.2077     231.0340     190.8468
      20.6535     217.9247     232.9492     195.2199
      15.6725     206.0630     234.7432     201.3862
      18.0084     209.3404     215.2563     190.9624
      17.3309     222.0584     207.0147     195.8464
      20.0118     222.1653     216.9981     206.4010
      19.5323     222.5441     232.3815     192.0485
      20.2517     215.1146     232.7414     192.0263
      16.9863     210.6777     221.2417     194.8492
      15.6933     199.8952     232.7192     201.0301
      18.9079     208.1063     221.9671     208.4139
      18.8309     209.0049     226.9527     202.6678
      17.1122     220.8685     237.0516     204.2821
      18.8282     199.3478     233.8334     205.0305
      19.6993     201.5312     234.9099     190.8386
      18.8460     223.8814     225.9418     208.8138
      17.8263     218.9478     211.7348     196.9814
      17.0578     206.8824     235.1309     200.0842
      18.0652     201.4326     230.5986     190.7891
      16.1527     228.8473     216.4505     202.8519
      18.4502     219.7791     219.3954     203.5927
      18.9247     203.6068     216.9237     204.2345
      18.3109     222.8805     219.2565     201.8413
      20.5511     216.0741     230.3708     201.8293
      19.4951     222.5948     209.7897     205.9725
      18.7575     222.0086     211.4893     206.8809
      18.9762     203.0234     239.1912     198.6801
      20.6711     227.2169     212.7835     203.2512
      19.3508     207.2206     203.9831     196.9839
      19.8603     221.3699     207.5302     207.7854
      20.1222     208.7220     224.8365     196.8989
      17.7622     228.8464     217.6169     203.2836
      16.2719     220.9035     235.1987     198.7017
      20.5993     204.8031     236.6140     193.6672
      20.0194     221.3644     238.8135     208.8024
      17.0798     229.4704     239.2967     194.1509
      15.6668     223.5321     216.8626     197.4093
      16.3905     215.4685     204.8274     198.0072
      17.1350     223.6971     230.7730     199.2032
      19.2723     215.3579     226.3850     203.1382
      16.1836     204.6658     211.0627     203.3997
      17.5872     212.0022     234.0312     194.4429
      17.4205     226.2473     233.0491     207.6236
      17.0696     207.1681     204.4453     206.7876
      16.9983     209.9570     223.7923     206.7742
      19.6678     215.7413     238.7013     198.1723
      20.3987     203.1506     228.7056     200.0950
      18.4704     225.9727     216.8859     190.7021
      19.8030     216.5791     218.5989     195.6439
      15.8224     216.3469     230.7852     200.9539
      15.8518     209.1718     237.9903     191.3591
      16.9284     229.0805     229.4055     209.3457
      20.1920     220.0473     239.4433     195.1310
      20.1417     228.4335     224.1499     210.1049
      17.6091     224.9358     222.7814     200.6676
      19.8423     227.0630     216.4483     196.2381
      20.2504     200.2455     205.9361     202.3650
      16.6028     227.3874     211.8304     204.2999
      17.8331     213.5441     209.4431     207.5785
      18.7407     219.5810     211.2549     210.9613
      19.9412     208.2565     218.2001     204.6858
      19.3584     205.9957     216.0839     193.3758
      20.8088     207.4095     229.6665     190.9611
      17.7713     221.8058     210.3096     207.7550
      19.0926     211.5773     206.5126     197.8415
      16.4228     200.8741     229.2344     194.9279
      18.4301     213.8741     224.9276     209.5959
      19.7878     200.2501     223.3923     199.3193
      19.3862     211.1515     236.1618     204.1919
      19.3610     228.2870     227.3282     210.9105
      18.6874     211.4372     205.7328     191.5686
      17.7372     219.9865     214.4231     191.8130
      15.7435     207.3893     229.8854     207.7036
      17.5743     219.9718     220.1775     204.2370
      15.8559     206.3791     228.8745     202.0794
      17.8478     229.4768     224.3232     203.0563
